6400629	8	1	52
9678981	8	4	5	27	41	4
7871344	11	1	21
2846581	12	4	27	23	51	28
8404921	9	1	1
1736057	7	4	3	27	11	2
3871619	8	2	22	27
8788107	10	3	11	51	5
9254462	13	3	51	52	23
9896689	13	2	2	22
7993193	11	1	5
8981456	10	4	4	3	2	5
6762042	11	2	5	4
5767219	7	1	11
2829569	8	2	11	4
6548090	7	2	52	21
3484460	8	1	41
3153895	13	1	28
2986092	8	1	52
8284455	11	1	3
2271963	7	4	11	52	5	23
3706821	12	2	41	52
6302936	13	4	52	21	22	5
7013083	12	4	27	22	3	21
6865753	11	2	4	11
8772512	11	4	27	31	1	4
8769446	8	2	2	28
1785849	12	2	31	2
8869011	7	3	52	28	1
1152983	12	3	4	52	41
6930079	11	4	22	51	11	28
9002233	12	1	41
2680000	7	4	5	21	28	27
7569025	13	3	51	22	4
6202984	11	2	11	3
2115240	11	4	2	31	28	3
7265954	11	1	3
6321467	8	4	51	4	22	52
8189266	13	3	28	51	27
8917519	11	1	23
